0.850694
5.518750
4.679167
2.865278
12.139583
4.035417
16.042361
2.981944
15.295833
0.290972
12.920139
2.781944
0.905556
1.424306
5.725000
1.718750
22.983333
0.672917
0.870139
5.888889
1.854861
2.634028
9.557639
13.918750
5.906250
2.795833
0.622917
23.081944
2.064583
5.904861
1.895139
9.049306
10.423611
3.515278
9.605556
0.681944
6.072222
1.675694
1.715278
2.022222
19.946528
2.587500
1.436111
3.867361
9.729861
0.475694
4.245139
4.170139
1.091667
30.788194
0.907639
1.101389
2.933333
1.817361
3.965972
0.950694
3.731944
0.926389
5.305556
12.763889
1.100694
1.154167
4.881944
14.318750
0.817361
9.770833
9.008333
3.934722
21.805556
0.505556
10.180556
1.733333
1.932639
11.834722
0.777083
20.152778
4.177778
3.697222
2.040278
14.851389
2.950000
5.498611
7.080556
4.835417
2.750694
2.159028
2.259028
0.663889
2.593056
11.251389
6.074306
19.909722
6.743750
10.374306
4.979167
9.121528
3.397222
18.330556
12.074306
1.718056
3.724306
16.081944
0.705556
0.903472
11.256944
2.788194
11.979167
29.777083
5.065972
13.385417
9.909028
0.997917
8.236111
20.773611
1.525694
0.784722
3.834722
2.691667
1.376389
4.668056
6.639583
0.990972
9.141667
1.697222
22.105556
2.230556
1.719444
1.663889
16.963889
0.877083
6.977778
8.849306
2.788194
1.705556
5.013194
1.137500
13.613194
23.955556
11.249306
2.396528
0.950000
9.138194
3.867361
1.682639
11.920833
4.541667
11.198611
1.173611
8.869444
6.591667
1.841667
10.871528
1.746528
0.989583
3.869444
1.569444
4.863889
4.165278
2.022917
4.015972
0.853472
0.101389
4.559028
12.990972
12.370139
1.359028
14.831944
7.127083
5.704167
8.243750
8.320833
9.584028
13.263194
4.703472
3.206944
6.091667
2.277083
6.568750
3.881250
1.884722
0.355556
2.020833
29.140972
15.604861
17.238194
1.833333
11.997917
2.074306
2.570833
25.127083
1.211111
2.036111
1.690278
1.790278
3.818750
3.913194
0.893750
7.942361
11.894444
4.012500
0.959722
14.365972
0.898611
4.757639
11.910417
6.563194
5.893750
7.762500
14.897917
0.884028
1.835417
37.031250
3.135417
1.891667
17.410417
4.995833
10.984028
2.909722
6.434028
1.668056
50.801389
1.909028
0.070139
3.113194
1.925000
7.143750
6.868056
57.100000
45.918056
9.724306
2.770139
9.155556
2.217361
16.213889
25.679861
15.547222
1.861806
3.077083
25.602083
10.913889
8.752778
3.877778
2.675694
3.983333
8.618750
1.295139
7.839583
12.393056
14.620139
14.945833
1.560417
5.978472
14.899306
6.542361
3.694444
12.787500
1.558333
15.195139
15.849306
2.312500
3.830556
0.146528
1.061806
3.118056
3.468056
4.051389
9.639583
28.944444
1.851389
1.072222
1.568056
10.243056
3.797917
1.973611
5.072222
10.102778
10.017361
0.265972
11.537500
24.722917
16.699306
1.221528
0.874306
1.779861
9.813194
4.123611
12.672917
2.817361
3.238194
6.577083
8.872222
1.980556
32.997917
1.997222
3.361806
1.690278
6.564583
2.679861
1.429167
3.003472
0.887500
27.443750
2.795139
3.786806
11.894444
11.680556
8.970833
1.079167
9.648611
2.103472
37.045833
0.561111
1.186806
1.983333
12.254861
7.523611
5.021528
5.793056
1.915972
1.993056
24.324306
1.958333
3.108333
3.992361
9.394444
5.625000
11.873611
20.056944
1.809722
3.495139
6.033333
2.985417
2.208333
6.947222
1.039583
35.870139
2.737500
6.718056
4.577083
2.998611
4.001389
14.116667
1.525000
15.767361
26.857639
16.615972
17.847917
12.254861
5.753472
3.231250
7.253472
0.961806
2.826389
1.484028
3.751389
8.154861
10.702778
25.073611
8.197222
12.751389
0.897917
21.996528
22.776389
9.040972
4.911111
1.887500
11.970139
7.851389
19.765278
11.734722
0.951389
6.245139
4.785417
0.631944
1.004167
1.682639
20.672222
2.725000
13.288194
2.831250
0.835417
16.190972
19.699306
14.217361
5.258333
1.615278
9.743750
1.305556
5.922222
10.138889
9.109028
18.601389
1.927778
1.490972
1.693056
3.659028
0.475000
2.570833
1.218056
39.736111
7.583333
5.277778
1.154167
1.381250
7.184028
26.209722
3.816667
2.015972
6.419444
6.578472
18.004167
9.361806
2.998611
2.631250
6.302083
2.252083
1.013889
3.926389
11.752778
2.947222
29.892361
17.024306
2.838889
2.110417
9.498611
6.855556
2.675000
14.513194
4.827083
7.065972
9.831250
7.677083
8.712500
3.664583
0.851389
5.154861
3.446528
8.181944
14.465278
1.902778
10.011806
3.099306
5.176389
4.908333
4.712500
3.597917
2.643750
0.800694
2.193056
3.222222
31.821528
1.747917
6.650694
26.740278
2.320139
0.881250
5.902778
2.863889
15.990972
2.126389
1.520833
7.549306
0.086806
8.590278
1.667361
0.972917
2.675694
0.846528
6.108333
5.800000
3.772222
31.454167
6.825694
15.854861
1.834722
2.765972
8.872917
5.402778
1.813194
1.930556
30.761111
3.505556
3.282639
2.147222
8.044444
2.081944
10.036806
2.605556
0.880556
30.676389
7.593056
2.125694
6.897222
0.679167
6.689583
23.838889
29.257639
15.713889
7.988194
0.975694
6.197917
4.677083
4.704167
4.196528
3.473611
2.188889
9.136806
3.828472
5.115972
12.083333
2.942361
1.861806
13.887500
7.825000
1.221528
8.186111
11.934722
3.576389
2.740972
2.891667
6.140278
15.850000
11.264583
6.406250
3.947917
2.195833
14.775694
8.478472
0.538194
2.808333
1.412500
0.454167
11.067361
2.892361
16.195833
5.120833
23.986111
7.575000
3.854861
3.184028
7.946528
1.040278
5.065972
0.722222
2.996528
36.306944
3.664583
2.718750
8.065972
4.404167
2.716667
11.633333
3.136806
7.392361
11.989583
15.718750
7.731944
12.446528
1.525000
2.457639
10.063889
2.010417
13.647917
4.548611
4.729167
25.846528
6.018750
2.068056
10.955556
5.827778
9.720833
12.045833
4.724306
10.060417
5.611806
2.305556
4.629167
4.040278
2.626389
1.936806
1.715972
2.450000
2.951389
1.913889
11.152778
3.806944
8.586111
1.909028
26.965972
2.115972
18.304861
6.807639
14.022222
1.690278
0.786806
1.801389
18.756944
3.992361
2.461806
3.740972
4.673611
4.602778
7.331944
1.066667
3.625000
3.769444
38.268750
0.663194
31.118056
19.414583
6.879861
6.756250
1.753472
17.313889
11.704167
2.874306
0.600694
3.210417
0.747917
1.904861
0.977083
3.861111
1.991667
23.483333
16.977778
5.568056
10.947917
1.556944
4.955556
0.795833
3.877778
21.549306
11.934722
2.900000
3.814583
28.770833
1.724306
3.727083
0.910417
10.080556
5.770139
23.001389
7.910417
7.811806
1.636111
29.938194
1.931944
0.884028
4.256250
1.715278
9.208333
2.231250
0.747222
10.270139
1.077083
1.051389
4.647917
11.655556
6.764583
14.836111
0.152778
18.307639
26.546528
1.022222
1.909722
8.911806
3.655556
1.124306
23.890278
3.958333
12.119444
5.854167
4.623611
4.515278
11.800694
2.515278
1.752778
1.030556
1.042361
26.307639
4.293056
1.725000
6.577778
2.584028
6.513889
1.854861
11.752083
15.041667
8.420833
1.771528
0.958333
1.730556
18.795139
17.139583
1.026389
1.927083
3.853472
12.347222
9.165972
25.277083
23.207639
2.934722
29.723611
2.095833
2.696528
3.070833
2.839583
10.638889
2.340278
4.755556
20.512500
5.911111
10.101389
5.838889
13.995139
4.177778
7.186806
10.215972
0.834028
6.080556
19.850000
31.043056
6.138194
0.986111
15.707639
10.971528
2.828472
8.999306
3.668750
0.034722
0.868056
7.676389
8.322222
0.010417
1.145139
5.820139
2.055556
1.925694
1.599306
13.083333
29.196528
1.967361
2.095139
0.970833
0.916667
0.984722
9.222222
6.738194
2.802083
23.259722
0.755556
13.773611
2.871528
8.820139
1.769444
8.826389
2.768056
1.012500
1.811111
2.560417
10.117361
0.007639
6.911806
11.430556
7.677083
2.184722
2.145139
6.268056
13.436111
15.561111
26.913194
17.770139
0.941667
4.665972
0.724306
6.322222
6.732639
2.695833
2.645833
0.886806
9.606944
4.030556
1.731250
2.765278
1.890972
1.859028
2.161111
2.995833
29.530556
3.615972
0.865278
39.845833
0.982639
3.757639
7.674306
4.931944
1.850694
1.720139
0.915972
1.820833
19.565972
2.408333
3.656250
12.204861
17.806250
12.974306
15.148611
6.652778
3.720139
1.057639
7.264583
7.895833
4.708333
2.838889
0.014583
1.285417
2.456250
13.797222
7.868750
1.374306
16.045139
13.890972
7.034028
6.546528
7.241667
12.035417
1.022917
3.418750
0.560417
5.148611
2.955556
2.863889
5.747917
10.796528
3.707639
14.723611
4.642361
0.015972
2.063194
15.928472
31.977778
1.844444
2.109028
10.103472
2.786111
5.040278
2.627778
7.542361
25.398611
9.156250
1.518750
6.853472
6.936806
10.625000
9.833333
13.320833
8.077083
1.015278
4.858333
8.673611
24.639583
18.847917
12.250000
5.065278
18.067361
3.168750
16.042361
1.929167
5.761111
14.579167
4.554167
17.006250
3.676389
4.091667
8.950000
5.659722
3.756944
1.631250
4.103472
3.747222
11.070833
6.938889
10.931250
5.137500
6.787500
32.684722
1.835417
19.913194
9.003472
1.831944
0.636111
1.760417
17.318750
13.212500
3.943750
19.603472
1.926389
3.731944
5.281250
12.229167
10.172222
15.919444
5.730556
1.785417
0.183333
1.786111
27.182639
16.658333
5.844444
9.315972
11.874306
40.221528
0.945833
4.135417
9.589583
20.774306
0.003472
5.365278
5.242361
5.627778
6.555556
3.118750
2.821528
1.772917
5.954167
2.037500
31.779167
5.829167
4.582639
2.854861
6.900694
1.050694
1.754861
2.667361
8.061111
6.043750
3.070139
3.723611
13.762500
3.981250
2.888889
9.187500
2.120139
0.870833
1.180556
1.895833
7.675000
1.785417
4.827083
10.634028
2.859028
16.490278
5.182639
4.086111
1.273611
1.951389
1.970833
9.224306
0.966667
4.318056
21.360417
5.811806
0.759722
1.685417
0.720833
11.350000
1.100000
4.815278
0.755556
2.857639
0.950694
1.780556
16.094444
2.143750
1.942361
6.754861
23.258333
1.938194
2.764583
4.993750
4.872222
1.930556
11.547222
10.598611
4.332639
6.619444
4.042361
0.958333
27.884028
10.900694
9.785417
4.045139
0.254167
75.722917
45.104167
25.713194
19.939583
2.616667
7.758333
0.922222
0.954861
41.868750
31.106250
11.963889
16.565972
5.800000
3.885417
1.302083
0.665278
6.558333
8.140278
0.942361
1.797917
16.801389
5.609028
5.468750
4.770139
2.690972
5.804861
1.665972
2.768750
7.490278
4.204861
2.138889
5.775694
12.788889
0.934028
28.304861
1.012500
0.965278
6.107639
0.884722
4.684722
32.788889
6.131250
3.877083
0.588194
1.007639
5.600000
4.098611
1.247222
5.018750
0.398611
4.959028
2.945833
34.066667
1.892361
1.602778
3.759722
1.888194
3.783333
3.374306
10.799306
0.954861
5.753472
7.370833
2.218056
2.958333
23.636111
1.994444
24.903472
0.829861
18.986111
8.170139
3.933333
2.814583
3.834722
3.909722
2.206250
4.177778
0.002083
4.713194
15.868056
54.561111
1.936806
10.421528
10.025000
9.010417
1.527083
7.911806
8.326389
0.958333
12.720139
4.886806
1.279167
3.929167
9.465278
4.038889
5.600000
1.475000
5.997917
9.950000
3.503472
0.306250
34.541667
15.873611
9.008333
5.100694
5.247222
10.009722
5.801389
1.386111
2.997222
2.082639
9.086806
3.118750
6.136111
0.907639
3.772917
1.912500
36.945139
5.731250
2.056250
2.911806
0.686806
0.000694
2.755556
3.850694
0.712500
4.742361
14.990278
3.072917
3.500000
9.925694
9.600694
4.704167
19.827778
4.637500
0.584722
6.934028
5.554861
1.316667
0.527778
3.002778
7.791667
3.826389
4.799306
1.904861
1.119444
1.628472
3.864583
8.918750
10.683333
4.025694
2.985417
1.989583
8.669444
4.134028
4.005556
2.685417
15.705556
1.653472
14.968750
7.686111
2.520139
16.166667
10.790278
1.865972
19.245833
16.932639
13.178472
10.989583
6.847222
0.412500
3.778472
3.713889
3.630556
4.990278
5.980556
8.356944
10.650694
6.417361
1.313889
29.725694
13.304861
3.486111
1.656944
25.086111
3.099306
4.067361
13.825000
12.657639
9.525000
1.768056
1.077778
6.561111
1.019444
13.360417
15.783333
6.061806
3.970139
6.668056
3.205556
5.272917
28.768750
24.624306
20.026389
3.781250
11.540278
24.954861
4.975000
9.966667
4.953472
5.944444
24.735417
20.700694
17.839583
13.718056
2.014583
3.775000
9.002083
1.270833
3.949306
4.528472
2.687500
4.805556
7.888194
41.868750
11.470139
1.044444
3.713889
12.998611
0.818056
14.319444
1.250000
22.881944
16.032639
21.735417
31.850694
4.017361
0.818750
35.170139
4.716667
9.754167
2.073611
0.903472
1.646528
12.486806
3.467361
1.654861
2.000000
15.329167
2.211806
2.659722
16.538194
9.747917
1.629861
11.265278
1.001389
0.660417
6.888889
16.768056
12.893750
1.919444
0.657639
3.546528
1.138194
4.035417
39.677083
2.102083
3.488194
1.035417
6.920139
3.834028
11.117361
4.868750
1.840972
1.797917
2.080556
39.543056
2.872917
4.469444
10.912500
13.704861
6.969444
2.641667
3.784028
26.074306
1.987500
3.024306
8.613889
5.459722
3.334028
8.625694
28.850694
3.778472
23.772917
4.612500
7.681944
2.550000
9.557639
2.921528
7.111806
3.007639
2.914583
4.097917
2.002778
0.909028
2.847917
8.084028
5.852083
7.981944
40.081944
2.954861
14.284722
7.794444
0.956944
0.900000
0.764583
14.009028
1.752083
11.712500
2.604167
44.589583
10.428472
1.884722
11.059722
7.585417
0.740278
1.156944
3.004167
0.828472
1.829861
13.423611
59.950694
19.780556
3.996528
14.941667
2.868056
29.113889
14.993750
5.334722
15.559722
29.379861
4.119444
12.769444
1.861111
12.206250
9.147917
2.100000
2.011806
19.120833
2.837500
19.468056
1.755556
1.695139
7.913194
0.894444
5.855556
6.149306
3.322222
6.777778
7.625694
4.013194
1.115972
1.306944
4.593056
2.724306
0.146528
5.741667
1.259722
3.981944
0.868750
23.018750
4.040278
5.956944
25.281944
2.281250
1.047222
14.612500
2.035417
7.661111
12.235417
2.037500
12.690972
2.911806
2.509028
4.258333
8.759028
4.384028
1.109722
19.763194
0.115278
9.459722
3.742361
3.938889
0.740972
1.881944
3.350000
2.353472
5.711111
0.788194
4.459028
1.058333
3.052778
8.821528
17.671528
3.963889
4.940972
1.903472
14.719444
5.251389
2.886806
2.797222
2.022222
12.925000
1.131250
1.222222
1.738194
1.768056
2.440972
2.043056
3.858333
0.890278
1.929861
0.568750
18.028472
1.947222
10.052778
1.883333
9.016667
34.046528
1.417361
0.679167
1.926389
4.941667
10.094444
7.472222
11.643750
21.866667
0.625694
3.043056
6.279861
9.959722
1.079861
13.037500
0.938194
2.244444
10.023611
4.334028
4.680556
1.550694
0.079861
15.156250
0.567361
13.976389
4.776389
1.583333
0.747917
12.965972
2.165278
6.054861
2.370833
1.324306
1.950694
9.361806
9.828472
6.001389
0.668750
13.075000
4.910417
7.734028
2.002778
2.634028
2.431944
35.061806
2.259722
7.668056
7.843750
1.068056
7.049306
1.091667
2.009722
3.915972
22.693750
1.455556
1.576389
8.002778
1.786111
11.770139
6.163889
3.090972
1.604861
5.472917
20.722222
14.061111
3.665278
2.566667
7.554167
4.877778
9.297222
16.917361
6.784028
3.554861
2.826389
6.962500
23.622917
6.003472
1.522917
14.294444
0.814583
1.828472
3.458333
1.098611
2.581944
1.688194
24.643056
6.559722
6.679167
1.755556
0.727083
0.250694
2.541667
1.631250
44.715972
4.866667
12.359028
3.890972
1.124306
19.809028
16.206944
9.799306
1.254861
0.827778
8.613889
2.725694
0.871528
1.706944
2.147917
1.903472
4.343056
1.034722
15.943056
24.897917
17.310417
4.129861
2.067361
16.973611
3.626389
29.347222
1.053472
2.980556
25.331250
0.977778
1.618056
2.283333
0.839583
1.693750
3.220833
0.938889
22.727083
0.767361
5.965972
1.693056
1.966667
0.576389
6.750000
2.270833
0.843750
22.968056
3.793750
2.374306
1.845833
1.700000
16.684722
10.263889
9.452083
2.086806
1.233333
6.167361
1.293750
1.649306
5.433333
2.322222
2.088194
4.059722
14.781250
4.052778
3.123611
1.727083
1.735417
1.006944
3.618750
12.670139
9.629167
3.790278
2.047222
1.006250
4.696528
5.636806
2.890278
15.290972
25.479167
2.735417
0.731944
8.224306
19.131944
0.919444
1.895139
2.720139
2.177778
0.974306
2.504861
9.227083
16.685417
10.178472
1.772917
18.911111
0.403472
1.879861
1.906944
2.004861
3.886806
0.001389
5.556944
3.581250
1.379861
0.838889
20.004861
1.916667
13.010417
2.800694
2.767361
2.522917
3.866667
4.899306
6.597222
19.757639
3.977778
1.943750
1.763194
7.129167
2.128472
6.634722
1.911111
3.937500
1.907639
4.781944
4.683333
3.085417
1.818750
0.979861
3.495139
6.721528
25.994444
2.063889
7.566667
3.780556
1.216667
9.087500
0.804861
46.496528
8.245833
2.203472
22.511111
13.578472
5.962500
1.743750
1.888889
6.276389
7.270833
9.222917
2.998611
6.027778
3.398611
5.566667
7.563194
5.866667
1.882639
4.934722
15.581944
2.565972
3.252083
0.839583
0.964583
0.749306
2.411111
14.506250
19.645833
10.129167
1.881250
4.931250
3.059722
0.003472
2.912500
4.519444
1.518056
8.379167
2.663889
0.138194
1.819444
1.147917
2.802083
5.390278
24.354861
1.336806
12.110417
13.972917
16.932639
0.979167
1.904861
25.285417
0.795833
6.920833
3.738889
0.911806
4.366667
14.036806
2.819444
9.975694
3.881250
8.711111
1.095139
8.245833
1.737500
14.909722
13.557639
27.716667
1.900694
7.847222
3.736806
3.950000
6.127083
4.579861
3.936111
1.781944
6.481250
27.222222
2.969444
7.048611
6.899306
0.000694
2.703472
8.672222
3.320139
1.854167
2.906944
0.908333
1.041667
3.013194
4.669444
0.672222
1.766667
2.377778
4.583333
2.627778
13.070139
0.588889
37.837500
2.263889
3.005556
2.313194
3.436111
3.223611
5.513889
7.011806
9.518750
19.806250
68.761806
4.861806
10.920139
8.361806
5.102083
2.397917
16.909722
1.775694
8.536806
1.435417
3.979167
6.070139
8.717361
1.061111
2.981250
1.989583
0.656944
3.901389
8.934722
0.000694
7.269444
3.993056
1.945139
6.583333
0.709028
1.633333
16.934722
6.988889
11.903472
1.934722
0.924306
13.138194
9.832639
11.952083
8.800694
9.022222
10.397222
6.987500
0.740972
4.569444
1.856944
18.438889
25.163889
0.802778
3.865972
19.384028
4.701389
0.010417
9.261806
24.104861
5.892361
8.305556
14.265278
3.945139
1.143750
20.773611
2.854861
0.951389
11.531250
6.145139
3.030556
6.872222
11.994444
12.329167
8.631944
5.995139
1.446528
5.893056
6.727083
1.820139
1.079167
32.489583
15.048611
1.880556
2.835417
10.486111
6.821528
1.810417
7.006944
0.234722
8.690972
30.204167
29.872222
1.987500
1.140278
1.231250
5.555556
17.314583
0.547222
6.108333
10.995833
0.509722
18.869444
4.679167
4.929861
4.011111
4.911111
0.710417
1.680556
4.269444
0.790972
16.913889
5.795833
9.918056
0.267361
3.611111
4.261111
6.452083
1.931250
10.455556
18.800000
1.959722
18.350000
16.094444
3.095833
0.751389
0.609028
1.002083
7.787500
5.697917
11.233333
4.843056
6.242361
16.359722
1.232639
1.193750
7.688889
2.170139
12.475694
1.282639
1.165278
0.828472
9.594444
9.336111
2.156250
17.623611
5.918750
1.886806
1.863889
5.845833
2.796528
3.101389
1.365278
8.711111
5.124306
1.488194
18.955556
9.240972
0.764583
18.678472
1.031250
18.264583
6.167361
7.750000
3.567361
21.231250
16.789583
9.122222
3.485417
6.786806
5.647222
9.359722
4.902778
69.944444
0.893750
1.690278
0.204861
1.880556
10.945139
5.072917
0.676389
4.353472
4.431250
11.772917
7.548611
1.785417
20.149306
7.105556
2.772222
6.147917
11.227083
8.795833
4.011111
1.875694
34.347917
9.840278
17.649306
3.890278
4.142361
0.715278
13.013194
1.702083
4.365278
4.530556
1.920833
2.571528
8.521528
1.080556
0.970833
6.993750
5.617361
1.790278
6.559722
6.906944
9.981944
10.053472
2.073611
1.840972
1.674306
2.198611
2.925000
5.763194
55.791667
1.015972
2.731944
2.725694
16.605556
2.020833
5.869444
8.187500
1.796528
4.268056
1.616667
0.604861
8.148611
0.760417
1.079167
2.045833
1.686111
5.690278
3.580556
13.812500
2.754861
8.153472
18.290278
9.545833
7.970833
2.095139
16.025000
1.709722
1.975000
1.428472
1.517361
5.941667
1.911806
26.023611
17.829167
2.832639
1.724306
3.277778
1.748611
0.550694
3.761806
17.106250
4.186806
3.868056
3.130556
0.984028
15.827083
5.829861
30.872917
7.019444
6.865972
5.678472
3.684722
4.051389
10.816667
0.153472
9.444444
5.749306
4.056250
38.504861
4.671528
19.121528
7.591667
2.965972
6.404861
22.718750
5.429861
20.821528
3.897917
13.832639
1.483333
1.777778
7.838889
5.839583
10.150000
10.564583
7.970833
2.800000
10.756944
10.659722
1.909722
6.990278
12.795833
10.973611
1.014583
10.661111
9.207639
7.903472
3.085417
1.591667
5.265278
5.968750
1.422917
29.697222
24.223611
3.854167
2.042361
1.706944
34.022917
5.051389
0.979167
0.895139
7.142361
50.742361
1.718750
13.994444
0.964583
17.054167
7.052778
1.479861
9.881250
1.838889
6.425694
4.547917
1.597222
1.706250
2.884722
3.991667
23.043056
7.038889
6.990278
2.889583
42.517361
5.617361
36.386111
3.265278
13.424306
3.620139
19.869444
10.069444
10.669444
8.791667
2.687500
1.778472
10.868750
6.575000
2.027083
1.491667
1.320139
13.756250
7.940972
6.054861
2.067361
8.578472
18.018750
3.856250
2.971528
11.675000
14.436111
2.640972
13.644444
1.469444
7.859028
2.783333
6.027778
53.722222
19.014583
17.740278
4.372222
0.747222
70.812500
14.081944
7.018750
6.305556
14.849306
12.963194
2.816667
1.650000
6.849306
3.947917
1.909028
2.420139
2.855556
5.105556
1.909722
0.770833
2.747917
5.941667
11.922222
7.023611
6.786111
7.050000
1.856250
1.919444
18.908333
3.738194
4.725694
4.909028
1.715972
2.852778
11.659722
1.241667
0.967361
2.225000
6.825000
2.737500
7.658333
20.027083
9.997917
10.032639
4.097222
2.188194
1.591667
0.816667
15.779167
16.972222
4.522917
0.817361
3.734722
3.796528
4.936806
1.952083
4.684722
15.910417
17.882639
5.686111
1.260417
0.917361
3.828472
1.815972
7.128472
3.556944
1.085417
2.661806
10.993750
5.244444
2.955556
3.044444
4.896528
1.034028
1.972222
3.712500
32.959028
3.849306
8.791667
14.746528
14.097222
20.660417
8.978472
2.178472
14.902083
19.159722
1.302778
11.703472
2.728472
16.276389
15.120139
1.818056
2.695833
25.646528
2.909722
5.870833
4.944444
2.795139
4.788889
10.845833
1.906944
1.861806
2.776389
27.704861
2.978472
0.906944
14.459722
0.851389
1.895139
3.121528
5.321528
10.668056
10.300000
2.511111
1.468056
13.509028
7.763194
21.721528
17.786806
1.601389
1.017361
1.828472
1.649306
8.797917
4.651389
5.904167
5.020833
2.722222
0.853472
1.564583
0.807639
3.022222
1.671528
1.922222
1.651389
5.474306
1.740278
1.956944
2.143750
12.208333
13.886806
0.789583
26.865278
15.218750
17.925694
2.015972
1.982639
1.808333
0.838194
0.812500
3.870139
4.253472
2.151389
4.546528
4.786806
2.180556
6.763889
4.490972
11.837500
26.784722
1.756944
30.337500
2.729167
4.945139
3.063194
14.790278
2.129861
19.854861
31.552778
1.838194
18.042361
3.838194
15.909722
14.337500
17.516667
7.170833
8.765972
5.803472
2.421528
0.888194
3.277083
1.742361
0.345139
34.918056
0.732639
2.794444
25.391667
3.934722
21.587500
1.620833
3.229861
5.034722
0.761806
1.076389
5.810417
6.394444
1.842361
2.719444
5.899306
17.161111
2.044444
2.120833
6.140278
11.053472
19.935417
3.597222
3.014583
3.934028
0.468750
4.025000
26.306250
0.783333
24.018750
1.120139
11.447917
1.311111
3.134722
7.664583
1.718056
1.774306
0.968750
2.907639
12.462500
10.836111
27.114583
2.645833
1.843056
3.824306
9.593056
3.120833
1.141667
0.047917
10.050000
7.329167
5.312500
7.825000
0.776389
2.245833
23.580556
2.911111
9.101389
1.529861
1.843750
7.159028
17.677083
3.474306
30.149306
6.129861
2.784028
1.826389
12.722917
22.525694
2.436806
2.451389
2.786806
16.844444
9.648611
3.797917
0.447917
11.100694
0.863889
0.363889
3.836806
2.735417
15.970139
4.726389
0.981250
7.748611
29.902083
1.020139
2.827778
1.950694
4.745833
6.145139
2.018750
35.645139
18.772222
0.711806
4.007639
30.153472
1.413889
10.352083
21.309722
9.490972
13.363889
8.775000
1.895833
2.769444
0.711806
15.000000
24.941667
12.077083
1.918056
8.767361
20.258333
21.779167
8.295139
12.213889
0.738889
7.980556
1.846528
2.260417
13.886111
22.097917
2.809722
4.706250
57.812500
1.831250
2.773611
13.247917
7.707639
4.615972
3.886806
1.634722
5.789583
1.327778
5.611806
14.609028
2.104861
6.965972
37.056250
9.755556
10.879167
1.645139
8.039583
21.930556
8.895139
12.099306
2.628472
49.977083
14.279861
1.085417
5.727778
3.078472
4.740278
3.531250
29.980556
6.140972
5.654167
1.186111
2.329167
14.952778
26.758333
5.728472
8.589583
22.940278
8.540972
12.490972
3.822917
19.413194
1.654861
1.852083
26.000694
16.747222
4.220139
37.052083
5.964583
8.028472
7.364583
8.718750
4.070833
1.343056
20.115278
31.786806
0.493750
0.499306
3.014583
10.663889
6.136111
3.755556
0.992361
2.954167
9.015972
1.851389
2.415278
2.170833
1.850694
7.688889
15.762500
4.836806
1.899306
19.061806
19.907639
3.625000
2.916667
1.664583
7.799306
8.090972
5.740278
21.736111
7.927083
9.795833
9.804861
3.815972
12.074306
2.656250
5.472917
34.073611
32.947917
11.904861
8.059722
32.745833
0.618056
2.935417
16.742361
22.759028
2.744444
2.111806
1.957639
1.929167
5.654861
0.236111
2.894444
9.519444
24.911111
3.564583
3.125694
5.949306
1.556944
1.900694
1.347222
3.888889
3.960417
16.379861
9.201389
0.406944
3.832639
11.772222
6.520139
0.590972
10.228472
1.959722
3.968750
3.986806
11.047222
1.712500
5.559028
4.977083
14.648611
2.606250
1.306944
2.243750
0.904167
26.309028
3.859722
2.728472
3.768056
3.801389
10.668056
2.902778
0.431250
2.383333
29.716667
1.751389
13.319444
2.222222
4.952083
4.668750
0.871528
2.711806
4.043750
9.287500
1.756250
1.965972
13.850000
0.791667
0.351389
16.973611
24.761806
0.225694
5.029167
21.615278
9.071528
4.349306
6.654167
15.922222
3.871528
9.776389
35.346528
3.149306
9.773611
6.152778
11.497917
21.451389
3.099306
21.977083
0.962500
31.668056
1.739583
8.515972
1.085417
4.078472
9.374306
25.034028
0.805556
1.677083
28.842361
0.954861
0.909028
18.795139
1.277083
17.924306
6.775000
6.632639
20.452778
1.854167
9.950694
2.806944
6.852083
2.599306
10.697917
5.736806
2.333333
1.337500
13.674306
6.003472
0.338194
32.104167
1.643750
6.752083
8.172917
2.733333
27.997917
1.845833
8.202083
1.672917
3.994444
0.754861
5.146528
1.467361
4.288889
0.708333
27.684722
11.791667
14.868056
1.768056
4.701389
0.934028
2.034028
2.238194
1.828472
1.863889
2.797222
5.546528
1.925000
1.245833
3.790972
7.384722
2.631250
1.777778
3.856250
28.691667
1.963194
4.981944
15.965278
13.777083
0.623611
0.601389
0.816667
1.875000
0.394444
1.743750
5.760417
8.984722
7.971528
4.799306
5.877778
10.424306
3.348611
6.481250
0.831250
9.503472
2.120833
2.761111
6.764583
1.058333
8.633333
15.162500
4.942361
7.570139
6.242361
4.899306
0.791667
12.450000
3.570833
2.047222
1.731944
13.660417
2.605556
6.718056
2.735417
10.864583
14.609028
18.704861
3.996528
17.863889
2.849306
0.689583
5.827778
0.986806
1.690278
44.244444
4.040972
2.681250
3.886111
4.805556
5.089583
19.608333
1.756944
2.920833
1.069444
31.515278
2.451389
2.456944
5.972917
26.075000
4.967361
3.945139
1.993750
2.625694
5.878472
3.917361
7.850694
1.964583
2.888194
14.069444
2.333333
7.818750
5.400694
6.000694
4.842361
15.855556
2.856944
0.889583
5.740972
0.854861
0.697222
2.636806
17.008333
1.975000
21.170833
1.843056
3.101389
12.120833
7.867361
1.151389
1.652778
2.018056
0.720139
12.593056
1.966667
35.862500
1.774306
8.094444
6.963889
1.877083
8.067361
6.674306
11.934028
20.080556
23.943750
18.781944
6.661111
1.756944
2.475000
2.746528
3.535417
8.702778
0.227083
2.540278
6.740278
2.610417
21.588889
0.773611
2.895139
15.907639
20.843750
4.895833
1.994444
8.901389
4.335417
4.929861
6.697222
0.912500
7.318750
7.238889
3.767361
10.240278
5.790972
0.900694
6.809028
0.336111
1.308333
5.727083
3.000000
4.827083
9.647917
2.790278
1.935417
7.117361
6.138889
2.840278
2.893056
7.885417
8.789583
0.556944
3.749306
3.373611
6.954861
0.683333
1.965972
3.504167
2.061111
0.920833
0.150694
2.627778
1.511111
5.415972
